[sie][Equalizer#0]
numBands=6

[sie][Equalizer#0#left]
band0Frequency=80
band0Type=2
band10Type=0
band11Type=0
band12Type=0
band13Type=0
band14Type=0
band15Type=0
band16Type=0
band17Type=0
band18Gain=-1.9599999999999993
band18Type=0
band19Type=0
band1Frequency=200
band1Gain=-2
band20Type=0
band21Type=0
band22Type=0
band23Type=0
band24Type=0
band25Type=0
band26Type=0
band27Gain=2.890000000000001
band27Type=0
band28Type=0
band29Type=0
band2Frequency=350
band2Gain=-1.5
band30Type=0
band31Type=0
band3Frequency=3500
band3Gain=2
band4Frequency=5500
band4Gain=-2
band5Frequency=10000
band5Gain=1
band5Type=0
band6Type=0
band7Gain=3.060000000000001
band7Type=0
band8Type=0
band9Type=0

[sie][Equalizer#0#right]
band0Frequency=80
band0Type=2
band10Type=0
band11Type=0
band12Type=0
band13Type=0
band14Type=0
band15Type=0
band16Type=0
band17Type=0
band18Gain=-1.9599999999999993
band18Type=0
band19Type=0
band1Frequency=200
band1Gain=-2
band20Type=0
band21Type=0
band22Type=0
band23Type=0
band24Type=0
band25Type=0
band26Type=0
band27Gain=2.890000000000001
band27Type=0
band28Type=0
band29Type=0
band2Frequency=350
band2Gain=-1.5
band30Type=0
band31Type=0
band3Frequency=3500
band3Gain=2
band4Frequency=5500
band4Gain=-2
band5Frequency=10000
band5Gain=1
band5Type=0
band6Type=0
band7Gain=3.060000000000001
band7Type=0
band8Type=0
band9Type=0

[soe][Equalizer#0]
numBands=4

[soe][Equalizer#0#left]
band0Frequency=80
band0Gain=6
band0Q=1
band0Type=5
band10Type=0
band11Type=0
band12Type=0
band13Type=0
band14Type=0
band15Type=0
band16Type=0
band17Type=0
band18Type=0
band19Type=0
band1Frequency=3000
band1Gain=-3
band1Q=3
band20Type=0
band21Type=0
band22Type=0
band23Type=0
band24Type=0
band25Type=0
band26Type=0
band27Type=0
band28Type=0
band29Type=0
band2Frequency=8000
band2Gain=-2
band2Q=2
band30Type=0
band31Type=0
band3Frequency=10000
band3Gain=6
band3Q=1
band4Type=0
band5Type=0
band6Type=0
band7Type=0
band8Type=0
band9Type=0

[soe][Equalizer#0#right]
band0Frequency=80
band0Gain=6
band0Q=1
band0Type=5
band10Type=0
band11Type=0
band12Type=0
band13Type=0
band14Type=0
band15Type=0
band16Type=0
band17Type=0
band18Type=0
band19Type=0
band1Frequency=3000
band1Gain=-3
band1Q=3
band20Type=0
band21Type=0
band22Type=0
band23Type=0
band24Type=0
band25Type=0
band26Type=0
band27Type=0
band28Type=0
band29Type=0
band2Frequency=8000
band2Gain=-2
band2Q=2
band30Type=0
band31Type=0
band3Frequency=10000
band3Gain=6
band3Q=1
band4Type=0
band5Type=0
band6Type=0
band7Type=0
band8Type=0
band9Type=0
